ID,WINDOW,TARGET
145171,1m,0.47342497033740044
181174,1w,0.6835666709161928
193287,1w,0.4835024231419507
206440,1w,0.5693733432317714
147589,2w,0.4030712473631112
210107,1w,0.5521403261703752
138052,1w,0.36808561074126067
211048,1w,0.6371944574126862
180482,1w,0.5502017776983645
218023,1w,0.5421466648208908
169432,1w,0.435581548491445
195967,1w,0.4846358961389827
206245,1w,0.4674930529091043
29386,2w,0.3630372647365155
198377,1w,0.4808054407591621
220842,1w,0.62855637033036
48110,1w,0.3729039383411337
174555,1w,0.6172909122153961
224951,1w,0.6761943957863721
169658,2w,0.3569875238202373
95501,1m,0.42011606611498425
120814,2w,0.3933825019237288
204861,1w,0.5520375042766071
145008,1m,0.45167386603293286
209954,1w,0.47870446193006266
13165,1w,0.4013858277866422
225110,1w,0.4959133767417789
81596,2w,0.3869193805900922
135883,2w,0.38396178250984375
229718,1w,0.6257912510579801
203156,1w,0.5657784411908813
223191,1w,0.5800451529852394
114555,1w,0.42515717821197463
203980,1w,0.6369039762536284
224698,1w,0.6181483872427354
215705,1w,0.5086225185287876
21046,1m,0.4668210335688227
197195,1w,0.6291156375107955
185489,1w,0.5712845370095924
201384,1w,0.567634636478761
56014,2w,0.40481333660621666
205270,1w,0.5206891486758674
225025,1w,0.666057174045274
170649,1w,0.509617665172979
126443,2w,0.3862180059757865
170145,1w,0.5277855409451067
173207,1w,0.5347905468955696
158291,1m,0.406726007552448
167647,1w,0.45248811035296926
228533,1w,0.6252366972835043
220060,1w,0.7079353259574295
192531,1w,0.5103853503929133
223599,1w,0.708569759891883
188265,1w,0.6672453361519889
39360,1w,0.42290193130432363
190845,1w,0.6416636214795496
176134,1w,0.6113519000103812
202551,1w,0.5813003952282662
200342,1w,0.5012821684128901
229798,1w,0.6285534859185923
213372,1w,0.5259599112685064
181540,1w,0.5337069708263769
221343,1w,0.7011478097672033
200205,1w,0.5232230925019858
222941,1w,0.713178409331902
104571,1w,0.4189778256794679
200567,1w,0.5580885517238038
194401,1w,0.5590043164626451
190395,1w,0.53428283070606
177684,1w,0.5296217920738144
218785,1w,0.5397018497016713
176320,1w,0.5310646192881008
216960,1w,0.6184070171361408
198382,1w,0.5522020392336545
217944,1w,0.6115962753402628
201253,1w,0.5085947614467098
76569,2w,0.37666053739620253
159932,1m,0.38006873128186114
208518,1w,0.5049903792887487
215720,1w,0.5456972029016292
186881,1w,0.5643237015197238
176355,1w,0.5393975967181549
217682,1w,0.6278165406762855
229691,1w,0.6827741306555674
119582,1m,0.44489048448281243
21207,2w,0.3652966725035443
26887,2w,0.3969222484505114
111204,2w,0.3741833285376177
196873,1w,0.48091256323444254
229550,1w,0.628412148150731
90704,1m,0.3951167037869564
106560,1m,0.4123525660245228
222944,1w,0.7132140845373637
174316,1w,0.4130345497940612
105177,2w,0.4124494809437402
187856,1w,0.45895129059499823
212386,1w,0.5976701231540711
152288,1m,0.4368158089063775
216801,1w,0.6159609258525942
220552,1w,0.6502736652598424
153481,2w,0.37231944825264274
107154,1m,0.4174893667202157
177690,1w,0.5615295288741387
126286,1m,0.4849967081287848
222500,1w,0.6402450222139213
192945,1w,0.5582011159011364
155060,1m,0.43868496485344866
227545,1w,0.7111062865858734
211103,1w,0.6686891285028959
181670,1w,0.4877151639794067
201357,1w,0.523372594223178
223102,1w,0.638190687374908
209151,1w,0.5833073770173778
151892,1m,0.38552709958080816
228613,1w,0.62336104698356
220248,1w,0.7065235966151087
167512,1w,0.4645965868491737
149417,1m,0.45641476336327386
217735,1w,0.6624830515491474
211654,1w,0.6227362463426406
127170,1m,0.4956673735681867
159864,1m,0.3396097171656736
213219,1w,0.7165958029036918
201792,1w,0.530504467474504
199112,1w,0.5989478922732695
172680,1w,0.5902745407014232
224574,1w,0.689647949380071
39497,1m,0.37214381301124727
219536,1w,0.6256316506186343
88277,2w,0.40751312767658393
216032,1w,0.6358617682735088
113948,1m,0.4218968120695931
214585,1w,0.4888227111826385
167114,2w,0.3722551212608934
58097,2w,0.41035225454650487
87259,1w,0.4102488491527215
123356,2w,0.38918370720961065
224405,1w,0.6676796522231191
201053,1w,0.5069617912997891
205899,1w,0.6341495687370173
204944,1w,0.5499253833216172
201064,1w,0.5069617912997891
25181,2w,0.38400125654169887
216211,1w,0.6337120243591191
220931,1w,0.6756416025930991
206554,1w,0.5922417215635788
41807,2w,0.4153095620386684
203718,1w,0.6190791129830502
186821,1w,0.5695118735056725
156864,2w,0.38114495230223655
229207,1w,0.5319610121626389
221993,1w,0.7125909069664325
198643,1w,0.4645700129318875
222224,1w,0.6298034217474789
158573,2w,0.38965002611959637
197340,1w,0.6139580987492288
229299,1w,0.7240744850120632
216472,1w,0.6295958472755963
129178,2w,0.4121853698079446
207895,1w,0.4554268365597051
52014,1w,0.4308697290108024
193732,1w,0.5129140419107158
188064,1w,0.5944482215328931
67169,2w,0.39612201879083153
201400,1w,0.6282060295530478
141622,1m,0.4573799938756013
177575,1w,0.5452481677443263
224440,1w,0.5830140223486069
175586,1w,0.4311961581681107
168381,1w,0.3660365170845435
216530,1w,0.6238150084170954
117474,1w,0.4174332686617197
170265,1w,0.606815546828114
216354,1w,0.7240129140652727
204542,1w,0.6483032487790716
147186,2w,0.39813975469404755
226310,1w,0.6514406868193728
134481,1w,0.4327951160032578
214799,1w,0.6518971698094471
140106,1m,0.43253497099668947
176566,1w,0.48539423539877324
201827,1w,0.581813818086312
157617,1m,0.41720872690502936
179973,1w,0.5305546897638634
77462,2w,0.3773338498213014
152891,1m,0.3824123673752066
217411,1w,0.6242154715261078
209416,1w,0.47686246628228396
206915,1w,0.5088065201450261
165535,1w,0.3990851632000942
138873,1m,0.439777321579646
229638,1w,0.7195395258275515
227334,1w,0.5485423003114922
175444,1w,0.489178939510281
228489,1w,0.6320364562640761
175169,1w,0.4254960389589379
208843,1w,0.6359969581214436
222285,1w,0.6421285582559497
182540,1w,0.5189042314567901
208382,1w,0.6084685542082201
184324,1w,0.468853510160745
82053,1m,0.4822393474566235
224846,1w,0.52517370337672
222878,1w,0.6332866193169882
194216,1w,0.5517318276785262
198271,1w,0.58306201614512
225224,1w,0.6267269838402691
202361,1w,0.5679402643339465
204466,1w,0.5588572713083466
201052,1w,0.5056472217596467
174447,1w,0.5974066441369402
207656,1w,0.6474796184137122
182887,1w,0.654316803647178
203283,1w,0.6191353651010255
228065,1w,0.5911245365117845
102561,1m,0.4269720800776617
188550,1w,0.6951303007476043
198987,1w,0.55555013908272
184502,1w,0.48588927993678155
224124,1w,0.536547136536578
222797,1w,0.6682115209037551
85104,2w,0.3883681068247875
175047,1w,0.6021317569624082
218786,1w,0.52572772602046
210956,1w,0.6724243943971849
222150,1w,0.6262488707056691
203157,1w,0.6528790431127319
202402,1w,0.589330571754035
52984,2w,0.39425787445953586
171668,1w,0.4242225025309087
215744,1w,0.46675292251039746
229960,1w,0.6778262023149731
159832,1m,0.4041522694680058
36979,1m,0.43264554083244056
201262,1w,0.48586031297118476
143109,1m,0.4597062490652875
205118,1w,0.4877417323183947
117336,1w,0.41850450889194724
195288,1w,0.5088192142072745
170756,1w,0.5094282162811069
188956,1w,0.6372063919678679
225495,1w,0.6260465769963177
216392,1w,0.6896867933886396
6305,1m,0.4631760738911137
7492,1m,0.5019472890437896
177479,1w,0.45891810592375004
228615,1w,0.6972161117951212
210788,1w,0.6374831751750265
172040,1w,0.4402928224396534
206733,1w,0.5809081513672256
227574,1w,0.665162061512022
143363,1m,0.4625840384022682
175106,1w,0.4751632716654532
34461,1m,0.41713426785956514
219572,1w,0.5890604022928422
212821,1w,0.5588668292840745
163645,2w,0.36813267279413864
198866,1w,0.53785074791364
116008,1w,0.4160201940461519
108366,2w,0.36321369570048156
202652,1w,0.5328951345199977
226106,1w,0.6002658191365571
125959,1w,0.42499294456406717
106990,1m,0.43250398681681596
187536,1w,0.5877075492315622
194184,1w,0.4792647035625491
220789,1w,0.6373037999805593
202146,1w,0.6529188526866117
194197,1w,0.5010453428193943
152588,1m,0.4590182159440489
189513,1w,0.47889068177709315
219134,1w,0.4767809361725579
169940,1w,0.5290098731776929
190912,1w,0.6683401618847005
143552,1m,0.4165282775395252
191074,1w,0.4950999991412808
143539,2w,0.37598602168783757
156251,1m,0.35922457498055527
196267,1w,0.5760955152694486
191689,1w,0.5362436118871124
222321,1w,0.6963730169065945
210716,1w,0.6033207797884832
16796,1m,0.4426585846109837
210944,1w,0.534817237780505
205783,1w,0.49456984257394987
192068,1w,0.6575162969477303
209738,1w,0.47099728514958733
215071,1w,0.6595795590928651
195006,1w,0.5598193729939152
218317,1w,0.658728927985943
183397,1w,0.4641969129107727
188430,1w,0.6234867261715068
227817,1w,0.5473847495692117
209026,1w,0.5159365545046128
230131,1w,0.5500940924815129
222184,1w,0.7131437401662697
184924,1w,0.6278457265252314
46793,1m,0.4380234589866768
198588,1w,0.49623459889788735
207013,1w,0.6999530255642995
202191,1w,0.4976893807718017
208937,1w,0.4933453918941043
88880,2w,0.3985299749355139
202150,1w,0.6516405357992789
97280,2w,0.3817383047833447
190849,1w,0.4634639871803463
61063,1m,0.4515716741883438
222075,1w,0.4791810606277142
142923,2w,0.38045343095906886
164246,1w,0.4279955569944313
98985,2w,0.3820993758002138
172047,1w,0.4637572343706975
206267,1w,0.6061803438481419
95521,2w,0.37430972434385457
227603,1w,0.7194255543253704
228390,1w,0.5646440804341019
198785,1w,0.5295707024534059
170760,1w,0.4048929133693934
187938,1w,0.5267611844670789
172423,1w,0.39764864469518585
200660,1w,0.5529770494059518
211223,1w,0.6386387281328618
122744,2w,0.38670333351786285
202768,1w,0.49123521373135504
181339,1w,0.6721923847718636
227680,1w,0.6935353325406923
195142,1w,0.674060284074248
196478,1w,0.6981394124925989
219236,1w,0.6411198736911535
224027,1w,0.6417264960203307
190333,1w,0.6374178590955366
48324,1m,0.3814929179896725
31290,2w,0.38140818038952595
117859,2w,0.3681711803687201
143190,2w,0.3872051877864929
227127,1w,0.7020245040776127
50587,2w,0.37190924753652693
187587,1w,0.5240197996511627
177377,1w,0.5795222288919657
193004,1w,0.5703094593628412
229305,1w,0.6310246098095205
177519,1w,0.5187794664625845
223589,1w,0.6771875312505441
213085,1w,0.6249537046108586
80298,1m,0.42422003685943194
219470,1w,0.6222753672704397
157669,1m,0.44611302558771826
198210,1w,0.49961576019535775
218425,1w,0.5758233967111935
221172,1w,0.7163499040352838
198774,1w,0.6753700543935093
207086,1w,0.4654921894034424
207855,1w,0.6562851003828958
120032,1m,0.45595850095210017
229119,1w,0.6289786811676099
221899,1w,0.6335381530766513
205316,1w,0.4679102479702196
182154,1w,0.4821563340091282
49198,2w,0.3976769054915092
198805,1w,0.6028511353956137
176209,1w,0.5531466309962282
203069,1w,0.6339121668108253
194877,1w,0.5964290212318497
110378,1m,0.4488343695188024
159855,1w,0.42937719735956686
120957,2w,0.405214274808995
211509,1w,0.5689279803773843
222696,1w,0.6209111964457689
222826,1w,0.7110627128145404
149866,2w,0.3981282733900989
191442,1w,0.47211753153163566
215043,1w,0.63789759075217
189241,1w,0.45679279597563577
215016,1w,0.5948473276518159
155965,1m,0.43357454097635073
187249,1w,0.4858365186448201
167498,1w,0.39609541555371736
211018,1w,0.5649677953496691
193514,1w,0.5359101002508156
212818,1w,0.5748932148968352
77497,2w,0.3720176407246394
182941,1w,0.7014422699845883
195562,1w,0.4881346724059173
157023,1w,0.4393607809265427
141907,2w,0.4052055155668457
197810,1w,0.6378231267192219
52208,1m,0.4647001445789575
177702,1w,0.6096199496206139
51807,1m,0.42123129697909506
180155,1w,0.5441728537456538
175459,1w,0.6330410607586171
212864,1w,0.6325520958273476
75421,1w,0.42967068724640267
30527,2w,0.3705738340584918
209411,1w,0.6525836850830165
202054,1w,0.6447382405922141
132692,1m,0.39907075621853144
105070,1w,0.3700219924733632
194313,1w,0.5892535493501944
141466,2w,0.3796343867981602
141852,2w,0.3760245629588056
157968,1m,0.4082641178952951
200147,1w,0.6608239222896757
179650,1w,0.5246128132029116
142925,2w,0.3801971434143545
190363,1w,0.472900766174987
202834,1w,0.7205657927895015
181872,1w,0.5281314748996361
142329,2w,0.3856446521929443
202275,1w,0.6922313402150662
208047,1w,0.4679356186781752
226917,1w,0.6611425188404727
220254,1w,0.7225617755681004
39890,1m,0.5002206744450135
161053,1m,0.3861677212947859
185601,1w,0.540973545286778
162276,2w,0.3612981218716523
224121,1w,0.6937891879796468
228677,1w,0.6986781270888743
197720,1w,0.49279229943032316
216011,1w,0.6093374561979945
158056,1m,0.41579419284833047
167189,2w,0.37585772532253553
180297,1w,0.47373378697395996
210182,1w,0.48684312254341616
170498,1w,0.5851837836453156
227563,1w,0.7220361346228833
202878,1w,0.5560202711811961
146862,1m,0.4212859169268454
179314,1w,0.6322937526773682
225618,1w,0.6565185411997186
223402,1w,0.6498899540823205
24995,1w,0.4082594106194755
206731,1w,0.4823614189522823
230072,1w,0.6222923100988725
175008,1w,0.4826881597864828
107995,1w,0.41729267057329744
222020,1w,0.6348022874891717
82723,2w,0.41695508185865576
229178,1w,0.6559967275769076
181223,1w,0.6151922813465073
132776,2w,0.3842325358009718
225758,1w,0.7075577961797233
197694,1w,0.5512821889419902
205310,1w,0.47048223573136094
158556,2w,0.3902469526065325
218595,1w,0.5198496229150682
188113,1w,0.4891866832190889
177279,1w,0.6198743271762651
225988,1w,0.6460846234840932
128212,1w,0.37822126467367734
228337,1w,0.5399030449184988
226102,1w,0.6412194926281842
168566,1w,0.3656620186810081
189373,1w,0.4765909207379631
160585,1w,0.3740563252999626
156185,1m,0.4444827671914127
171957,1w,0.37581868003519237
204020,1w,0.6257651958968113
154060,1w,0.4351234558064967
167456,1w,0.5497604031985809
163392,2w,0.36107626259048
56314,1w,0.42577368966099055
219150,1w,0.639550567080753
138028,2w,0.4037125553672207
214062,1w,0.6555548478038382
224190,1w,0.6413490260946308
168069,2w,0.3619103080269161
162274,2w,0.36062004336520453
142315,2w,0.3807517795262482
175759,1w,0.5969944876384761
81149,1m,0.46364798034654253
160670,2w,0.36236053931263956
147881,2w,0.375650520843558
184407,1w,0.6449749185279593
193368,1w,0.48269298938691146
14731,1w,0.4262037300503685
95579,1w,0.42638650224678715
193219,1w,0.6279797909733968
113759,1w,0.42305943571269505
222903,1w,0.6556519399414693
71906,2w,0.4003435741584838
143193,2w,0.38171280455684864
90747,1w,0.4021039607800356
220419,1w,0.5557144594916537
217531,1w,0.6826914377888093
185215,1w,0.47423579201892613
125938,2w,0.4077873802626975
193574,1w,0.4964278640506843
232161,1w,0.6857271184442659
155572,1m,0.37164615056719863
141588,2w,0.3811850559546363
232193,1w,0.5302858901327271
142921,2w,0.3810852270702948
192176,1w,0.5305849170930206
142327,2w,0.3857767319830916
142858,2w,0.3815272032500996
205309,1w,0.6443240399285883
170773,1w,0.4473061435999704
91650,2w,0.37605463137517425
123247,1m,0.4236559528927803
90721,2w,0.37430898243822663
229806,1w,0.4987930039931936
142335,2w,0.38293302418756053
193984,1w,0.49997991716586687
170779,1w,0.44625269519078997
200252,1w,0.6226978155324052
214061,1w,0.6658681340310453
172029,1w,0.5358542574972706
196910,1w,0.6179519510116308
169474,1w,0.5624166017565627
41066,1m,0.46853389081094915
208258,1w,0.5772394053155259
142330,2w,0.3848950610569119
192406,1w,0.6444842201621713
165043,1w,0.3555799546618959
77302,1m,0.4863178240949069
188218,1w,0.6184298071164539
197749,1w,0.47482323926801984
235768,1w,0.6634869693611865
191750,1w,0.47961945207908885
234470,1w,0.5019011387830232
110213,1w,0.4278713042832421
141933,1m,0.46416446348763013
156644,1w,0.43396929666399303
183645,1w,0.5435403583154097
129498,2w,0.39573230079620886
170862,1w,0.41523642768295616
224821,1w,0.6721662429823666
36923,1m,0.47815322905076935
208868,1w,0.6408980929529777
230984,1w,0.5636983068912087
205415,1w,0.7092389477604166
22017,2w,0.39844022287559117
232081,1w,0.5492577513410193
165502,1w,0.36277425120656254
180313,1w,0.5807087224450945
119411,2w,0.39737792939336236
165926,1w,0.527387738247245
144162,1w,0.42141757247189077
224761,1w,0.6458708245079016
31134,1m,0.4218305170468409
83442,1w,0.3892163059680228
128651,1m,0.44910328601509975
138781,1m,0.464894812638108
218145,1w,0.539394749091761
221889,1w,0.7090311771131336
187394,1w,0.6022608525307358
28929,1w,0.37250461160228715
132099,1m,0.4072604453921132
152223,1m,0.49339837737940617
82996,1m,0.46417872137098887
172196,1w,0.3796203929449576
227987,1w,0.6663426469002861
168742,2w,0.3614680383751331
160225,2w,0.3487858760817334
190998,1w,0.4780012891847989
33966,2w,0.3721590299363204
224481,1w,0.6180172391727861
154519,1m,0.4247697054447854
216321,1w,0.5636459896799323
172035,1w,0.5126428514446825
220723,1w,0.640008960041275
185138,1w,0.5006872560977988
179724,1w,0.5125052668322861
110459,2w,0.4112381750999367
165519,1w,0.47699486139029473
204118,1w,0.5220180533013892
158695,1w,0.43016566185471367
208142,1w,0.5490936738120138
24289,1w,0.3744855782537031
178322,1w,0.44672891744898235
222356,1w,0.6773500542249064
199883,1w,0.6584411717388235
189272,1w,0.47818420547308765
176728,1w,0.6098942476675103
142382,1m,0.4757550975641893
234150,1w,0.571582174460007
204115,1w,0.5020034865919716
234175,1w,0.5872555468627976
222912,1w,0.5149947387910692
189352,1w,0.48400391773742224
110887,2w,0.3985482018197151
145579,2w,0.4063050248145307
218159,1w,0.6582251924535759
145277,1w,0.41332185480835176
232148,1w,0.5544573162250349
31967,2w,0.41102704285866154
110194,1m,0.4560096817229736
116515,2w,0.3726190098322213
209736,1w,0.482345401647857
216988,1w,0.6368551509909649
25831,1w,0.41019990101806303
155817,1m,0.45414095352318173
141850,2w,0.3822477129329025
142917,2w,0.38398748547421485
141846,2w,0.3804536138495248
54132,2w,0.3685822453899705
219542,1w,0.6072281644806189
110077,2w,0.4022707004181216
213344,1w,0.6538412597874882
227217,1w,0.5378610863397252
143185,2w,0.3867811210629459
120031,1m,0.45488693622368315
39922,2w,0.39025476116103464
205069,1w,0.5889410421884356
213344,1w,0.6402101165986097
196544,1w,0.5464552051783077
158596,2w,0.3744398420356616
197096,1w,0.49046438764474476
206772,1w,0.699674923020125
115005,1m,0.3749371872764879
10760,1w,0.42575281835185247
109434,1m,0.46563787392081113
172728,1w,0.38791910496504256
208166,1w,0.5808829857839543
34683,1m,0.46702917039368813
154395,1m,0.42951643205041734
57637,1m,0.4991417940394778
221054,1w,0.5516109150729172
203410,1w,0.6892463306765312
225139,1w,0.5413424301077236
222117,1w,0.4882639268357924
215906,1w,0.6422198293290836
113557,2w,0.3832788531537861
224801,1w,0.6169676726734313
94242,2w,0.4059502343167951
208588,1w,0.6379373480873581
219107,1w,0.5348866499343822
218038,1w,0.5657990217923069
169068,1w,0.47172468782112914
57676,2w,0.400379239523639
198215,1w,0.6656321983899816
106722,1m,0.44031152513726446
223443,1w,0.6992239970193174
210770,1w,0.4911467907408031
170720,1w,0.37025909622411585
180775,1w,0.6605985585669755
229741,1w,0.6668043800999626
82397,2w,0.4005606423459003
14879,1m,0.42658191467712503
55951,2w,0.38270772105988965
235038,1w,0.6240921305193351
119929,2w,0.3937341418595125
54421,1w,0.420851037713501
223444,1w,0.6965299917302874
223414,1w,0.6977106338590502
168852,2w,0.3624684112237702
218810,1w,0.6183887192294908
135876,1w,0.4166311687031784
212773,1w,0.58988322034584
86494,2w,0.37676821685869616
25046,2w,0.3797694192818532
196381,1w,0.5149955666816375
232995,1w,0.6310309997324788
79520,2w,0.383989115535343
233988,1w,0.6982968358421524
205564,1w,0.478528397015196
216229,1w,0.6717211718543099
222787,1w,0.5433221045990357
192872,1w,0.5385704373734934
57424,1w,0.42277147623714456
227418,1w,0.6326688392345909
235263,1w,0.6009915611229842
48875,1w,0.38937800136871153
221878,1w,0.6899435611304232
130993,2w,0.4063973414656218
232913,1w,0.5309421692958814
205803,1w,0.48588503854285514
216035,1w,0.5527636223512096
63273,1m,0.4986488900787854
100911,2w,0.38393447850238177
191371,1w,0.639874667635446
50656,1w,0.41866562598381935
199183,1w,0.6769543018393177
234271,1w,0.6823879865189558
221045,1w,0.5631460943453503
48786,2w,0.38271497445715547
232907,1w,0.6147199059524623
36631,1w,0.4175506586388495
202882,1w,0.49643688005484965
211987,1w,0.5912281076563638
98504,2w,0.3777498135373841
159159,2w,0.3516454452711836
89504,2w,0.3801632450475142
142443,1m,0.4768378054798326
34066,2w,0.38634245112059196
192584,1w,0.6183639692487451
165505,1w,0.37552567732725106
143290,1w,0.4143687110869392
187816,1w,0.6418836434606676
35063,2w,0.38737572311257423
25235,1w,0.39614893545884977
221887,1w,0.7140330108860122
121201,2w,0.3928372819143582
201619,1w,0.6306676592301843
47640,1w,0.3849947408897644
145072,2w,0.3950124996898157
168592,1w,0.3553759964177024
186840,1w,0.48943315205631793
222265,1w,0.6066398108021356
223144,1w,0.5283203552634129
190734,1w,0.691227879797449
231306,1w,0.6203548398256664
235245,1w,0.5098289557729265
40966,1w,0.4049751051151813
58676,1w,0.37131158730792563
199770,1w,0.5567032298528476
143609,2w,0.3831265786309258
203258,1w,0.5427229064901689
35383,1w,0.39795366602520105
141915,1m,0.4182140272712906
198056,1w,0.6610150331127173
196857,1w,0.4907688805730276
220542,1w,0.6014821017197585
193070,1w,0.5650893743574652
162170,1m,0.358802250854512
233980,1w,0.6009016688103058
214020,1w,0.6046792978040588
133365,1w,0.40112524961055396
103952,2w,0.3950668456812973
162275,2w,0.360385060027883
188135,1w,0.7037051098619498
142916,2w,0.3800928399204317
225597,1w,0.7031275087997655
178215,1w,0.5765815622530861
218872,1w,0.5710495787729425
192987,1w,0.6505589239759202
221616,1w,0.6882572512851696
56018,2w,0.3723682734365395
210829,1w,0.625138671865821
224130,1w,0.7011809059826796
221070,1w,0.6981226663303434
99683,1m,0.4657517919433155
221473,1w,0.6967114416583011
221412,1w,0.6989501825016927
223543,1w,0.6914435951320131
212497,1w,0.5142920792951247
142332,2w,0.3779743886035048
221335,1w,0.7005622283060502
30167,1w,0.40277286348264113
228242,1w,0.5553222938560695
77487,2w,0.3937615120192056
221368,1w,0.6928957746871799
122865,2w,0.3855408575323213
234005,1w,0.5943842088160913
210498,1w,0.6905751395605271
211653,1w,0.6043386252563567
60819,2w,0.38695637193585236
185245,1w,0.46238811169557015
154540,2w,0.37766070674424457
181385,1w,0.5019727915566792
169450,1w,0.4135363262978849
220190,1w,0.5525723368071185
224628,1w,0.5566190308414186
72655,2w,0.36926338220901367
206101,1w,0.5386903866181232
215452,1w,0.47856562166469957
56940,2w,0.38719690970202686
222782,1w,0.5249318957415606
235148,1w,0.5233261907981583
85829,2w,0.3936579410663522
149602,2w,0.3878917337303287
58265,2w,0.38938828541200243
53571,1m,0.46061547906098455
232061,1w,0.6951143411444125
233017,1w,0.5905270933437243
230075,1w,0.5906712985130315
58268,2w,0.39769848268123004
103181,2w,0.37892714250472453
191617,1w,0.4771597809602916
36509,1m,0.4260895830404006
96007,2w,0.39311822878311486
176996,1w,0.4672935545592283
77552,1m,0.46314478100014805
192708,1w,0.7088859792255265
75463,2w,0.37408828308307934
134793,1m,0.4308395676737
157697,1m,0.42060395360171593
89329,1m,0.4705550375546025
224034,1w,0.7001820308130339
115312,1m,0.4531248579764487
78762,2w,0.3972620850023565
58199,2w,0.38314389968585844
58730,2w,0.3757925387206468
221423,1w,0.6908201434303466
57714,2w,0.383981920810409
228299,1w,0.5047507759484667
132636,1m,0.441133489461037
182345,1w,0.577842116184594
56024,2w,0.38850269546011695
214120,1w,0.5464573898093795
226561,1w,0.6703433920169921
200093,1w,0.488286723954295
199168,1w,0.5849270118737148
178736,1w,0.4564091864772432
178104,1w,0.552073805139297
209388,1w,0.4913721528893057
222127,1w,0.6249323990282486
82381,2w,0.39398547758507474
40514,2w,0.38000356243197303
142915,1m,0.37230806910028624
191312,1w,0.5218911756497515
226026,1w,0.636423664710109
201393,1w,0.5411219762367673
153483,2w,0.3746653519505997
164984,1w,0.46991295098322233
146494,2w,0.4017272256423109
207947,1w,0.5340962686408308
227452,1w,0.680421813629052
221089,1w,0.6831328731943568
93093,2w,0.3832209258923188
185527,1w,0.7010675569159
91817,1m,0.3900096400388202
102479,1m,0.4024691577548944
232599,1w,0.5680552205985163
172460,1w,0.3965868744094687
211397,1w,0.5914703681044244
157176,1m,0.42335909198719723
181632,1w,0.4568365903618334
78773,2w,0.38961323233781475
152307,2w,0.37492682918926756
58196,2w,0.38817970824225784
222811,1w,0.5624476625169306
232906,1w,0.6405956348498602
224109,1w,0.4770885324738437
63103,1m,0.4895803686772317
184470,1w,0.5773238202490034
165512,1w,0.39060315729281403
53905,2w,0.37122316138381817
176793,1w,0.45981639479027486
38198,2w,0.38219779210039634
233011,1w,0.5900587380083928
222985,1w,0.6985084876092447
207450,1w,0.5291856005472511
223346,1w,0.6869253707083478
58821,2w,0.3820935998865408
221546,1w,0.6978994431428851
122715,2w,0.39688285352089164
228280,1w,0.5390847030181473
189816,1w,0.6005685126938672
229288,1w,0.6207640641478037
206327,1w,0.6305813996502818
203625,1w,0.655516902465122
191163,1w,0.5658032990111693
195949,1w,0.5122444688860992
206640,1w,0.6930347717991115
187245,1w,0.5062489800053878
236739,1w,0.660483970519446
166105,1w,0.37625252287884176
57415,2w,0.3925004960613599
224594,1w,0.6188277332951555
217317,1w,0.47797696566666936
72533,2w,0.38776099258369917
168330,1w,0.40811961383867545
103569,2w,0.3732929686361863
218613,1w,0.6070628174856557
145185,2w,0.3832387171549518
180611,1w,0.5539872088945214
90054,1w,0.3984909359237966
172404,1w,0.493395408420394
145670,2w,0.39321690178701885
157094,1m,0.441420266314426
224197,1w,0.5251307297066556
47563,2w,0.3830984795160991
197487,1w,0.5810189829443181
237030,1w,0.5521499498874114
198232,1w,0.6736553050684086
153452,1m,0.3710903378706735
38197,1w,0.3728655654416106
99657,2w,0.38043301279030606
32425,2w,0.38372719004584815
28614,2w,0.3544375662889639
230473,1w,0.6864433229507563
207463,1w,0.5419400794421683
196476,1w,0.5065211247780761
240245,1w,0.6102363084945908
173170,1w,0.4233816773791014
181763,1w,0.5167270194820957
24348,2w,0.37298962191474194
73201,1m,0.46417964282110813
197285,1w,0.6753110553841085
225912,1w,0.7077547653620815
187085,1w,0.5363678692050083
145686,2w,0.38755548384566807
194546,1w,0.5753242948477783
175722,1w,0.43017417528163376
199244,1w,0.591649816556673
142217,2w,0.3921175459968391
219414,1w,0.5172848421629422
233109,1w,0.632876906865252
33829,1m,0.43297019435168715
231882,1w,0.6722774545269647
151180,1m,0.455180046228527
232087,1w,0.6097324953074635
150998,1m,0.458708996372211
182843,1w,0.4686417515206847
233320,1w,0.5442713577359287
76047,1w,0.3883175931254556
194052,1w,0.4780146245020498
156572,2w,0.3856487241792528
235128,1w,0.5946327234126674
111285,1m,0.46117731477417706
200696,1w,0.5480405746635132
228863,1w,0.6273765154253667
141585,1m,0.3712543365159161
227487,1w,0.6409369649594494
165182,2w,0.37443932269886204
154980,2w,0.40649888627744163
179265,1w,0.5190055274070442
141696,2w,0.3896374181342091
219331,1w,0.5065655088688061
233056,1w,0.6940951090053943
225164,1w,0.5758642894688626
192382,1w,0.5415003482705447
175565,1w,0.5273455515794977
235420,1w,0.6055510849180293
189551,1w,0.49134299945630316
207903,1w,0.4926571617432586
233352,1w,0.6869518474699605
212101,1w,0.5361413306118931
179695,1w,0.5100282216185187
217178,1w,0.5725722366827957
234330,1w,0.4714356007014136
111765,2w,0.39235419730796334
237667,1w,0.6073472504292171
203227,1w,0.5443353876833074
118448,2w,0.3820033418795267
119485,1m,0.4542091278252178
233302,1w,0.48761276378340024
47637,2w,0.380400618210118
222261,1w,0.6306688672989336
195387,1w,0.700928711464912
239035,1w,0.6217318654715376
100729,2w,0.3831932467331094
166372,2w,0.37031023396222834
193715,1w,0.49093440590899806
223234,1w,0.48525739923159306
219771,1w,0.4898717550761569
151715,1w,0.38440619434013934
236877,1w,0.6053450771245827
233332,1w,0.48408797795499914
223983,1w,0.5285964563264381
235199,1w,0.5585760661053936
161532,1w,0.4060567309463648
64123,1m,0.4272052395310847
89285,2w,0.379324161652116
226487,1w,0.4767425629539608
218895,1w,0.5230942296889717
206540,1w,0.5453013120834888
214928,1w,0.4925633228436638
216792,1w,0.551111910382425
177085,1w,0.4437289948155935
239969,1w,0.6273589968030493
234988,1w,0.5664986201160597
177960,1w,0.4625685854517139
238660,1w,0.5343861152041501
126939,1m,0.42739505269207245
214244,1w,0.47216881648907083
230340,1w,0.6979204897679328
94940,2w,0.38493449975184074
218820,1w,0.5413715446467423
231442,1w,0.6894910596410554
196806,1w,0.5798740249807145
225141,1w,0.6733726313662829
237574,1w,0.6138532654609089
208354,1w,0.6950993977925068
232790,1w,0.6870811071264675
141749,2w,0.3717730287721825
188843,1w,0.698068820756479
188793,1w,0.698068820756479
229400,1w,0.6908957383061574
221620,1w,0.699169453364824
70248,2w,0.39454855420192564
228934,1w,0.6656089911014484
151406,1w,0.3607950659413687
225317,1w,0.5523326094051584
196475,1w,0.537655163230973
231302,1w,0.7029549628170539
236500,1w,0.5490948966949326
231934,1w,0.6814509904180666
206942,1w,0.5260201424635305
194961,1w,0.6666799752248682
227477,1w,0.6274197628415269
232675,1w,0.6759144634060418
239887,1w,0.6908356023737443
233679,1w,0.5407963585173655
85523,1m,0.44000483515457034
21059,1m,0.4776495106548566
231989,1w,0.6826409541503207
230951,1w,0.527564165430264
174363,1w,0.5127359055833811
237127,1w,0.6798929512177649
100216,1m,0.42437510757561864
175981,1w,0.5353037112260097
230800,1w,0.6816760981972384
84623,1m,0.4607838078639125
90057,2w,0.3851034539765591
191101,1w,0.6321562005204509
232452,1w,0.5034152295497806
180497,1w,0.4416966858153384
141013,2w,0.3885486996025018
136590,2w,0.386421724494393
219420,1w,0.5146390586757225
218246,1w,0.5447733214771742
181460,1w,0.5029302426351588
185049,1w,0.6767767058651021
15934,1m,0.374704572558152
67983,2w,0.3893769306327963
219360,1w,0.5156198388413723
141921,2w,0.40144741800650824
212878,1w,0.6958118052962077
154153,1m,0.37220817470768736
231831,1w,0.4975434556432029
228990,1w,0.5362638684138197
232758,1w,0.5598379959285249
224679,1w,0.5855244363266336
225380,1w,0.6411388101106525
220618,1w,0.5232908605137216
229530,1w,0.5576884485306782
187332,1w,0.5436123798480583
203557,1w,0.5843774472809946
210521,1w,0.6198422332858406
231824,1w,0.6316152529095252
186286,1w,0.5322582134550292
139682,2w,0.3849202392579069
25152,2w,0.36838749147095257
220535,1w,0.5150562030932955
226137,1w,0.547489665846944
185746,1w,0.5150816362762562
218369,1w,0.5273082647895252
215904,1w,0.6353804057279469
234218,1w,0.5729290014343347
206137,1w,0.625577960710725
102499,2w,0.373733518939911
216370,1w,0.5178007092814237
240559,1w,0.5406295744624856
86416,2w,0.3581569434538001
220710,1w,0.5179280228226267
232943,1w,0.507437483393788
178332,1w,0.49267795357857447
165352,1w,0.5015791103307211
220092,1w,0.5737889208770882
206226,1w,0.5151774926625288
214923,1w,0.5244832342093437
198680,1w,0.5412237834100305
64102,2w,0.3814927669024154
229976,1w,0.5037126492247262
232904,1w,0.5640469800735709
234029,1w,0.5622962055886874
239430,1w,0.5370193004131313
201290,1w,0.5029612201417444
107924,2w,0.37943735779187204
218475,1w,0.4736309196481753
215807,1w,0.632050916268336
225625,1w,0.5712842123666501
64059,2w,0.3958692625093195
17051,2w,0.3825402206077012
221712,1w,0.5035196387973054
89302,2w,0.37188904583970545
58889,2w,0.357956244350557
238157,1w,0.6646662588521655
236200,1w,0.6769185459109488
222468,1w,0.49815775546637386
223211,1w,0.661724001132752
181536,1w,0.5711809301237162
237055,1w,0.6173192845582731
187231,1w,0.5615572051372727
224278,1w,0.560721586264499
202299,1w,0.5006980777879391
230892,1w,0.6057670990650542
64166,2w,0.4036536884057315
151117,2w,0.37687140899605787
155411,1m,0.4170259026208557
236206,1w,0.6225747108229277
228690,1w,0.5094270966764418
222389,1w,0.525320982390559
237065,1w,0.6480483427159541
209901,1w,0.5255702738240741
238627,1w,0.629885783364269
224362,1w,0.5112717550510774
224775,1w,0.5780022551758799
235254,1w,0.6825171284968191
81225,2w,0.3866439276858312
140081,2w,0.3839218745673
225549,1w,0.6252965389156612
225177,1w,0.5550577124647591
237611,1w,0.5155445853125397
243287,1w,0.6204024956532636
183810,1w,0.5577730706332693
229065,1w,0.6221537906391487
142322,1m,0.38007224518142746
223162,1w,0.6634888577081213
233286,1w,0.6150975006581658
158745,2w,0.369890134837522
238302,1w,0.5923710554971121
226620,1w,0.483741273903735
201869,1w,0.5242167476927989
54958,2w,0.3805298137709088
16855,2w,0.3615236703111956
228661,1w,0.5301432457652523
225057,1w,0.5327429255074148
208989,1w,0.5342485524228681
224536,1w,0.5128823784036127
235188,1w,0.6768947110821344
231385,1w,0.5287750177606436
208196,1w,0.5252012402094774
216293,1w,0.5172136928129064
232439,1w,0.5608193449966713
222133,1w,0.5132170660223044
237673,1w,0.6223248224840247
231090,1w,0.608803625093537
224447,1w,0.5436347085266661
224770,1w,0.5803373679164945
225469,1w,0.5361175841689858
219126,1w,0.51648065439636
215701,1w,0.6656285909037624
215299,1w,0.5183279011443875
231000,1w,0.6057670990650542
239717,1w,0.5304030185557288
224451,1w,0.5765617388713616
186121,1w,0.672680091243887
221730,1w,0.6257355036377794
187461,1w,0.6615280902493548
224376,1w,0.574426433380295
8537,2w,0.3871374779599937
227322,1w,0.546116631861192
232078,1w,0.4937562894763904
223391,1w,0.5286700984707569
234349,1w,0.5416476287592041
229728,1w,0.5193860465835304
237669,1w,0.6206737747140818
236621,1w,0.5664471721827309
152870,1m,0.4098575640294357
64100,2w,0.3823658644292632
203002,1w,0.6828431809884998
238814,1w,0.6776990741176397
230289,1w,0.6761283819830514
232457,1w,0.6738737000668061
160913,2w,0.3787805960731191
232135,1w,0.5649925715640457
213947,1w,0.5079304011453725
216494,1w,0.5334086089546657
225462,1w,0.5712866658673555
175741,1w,0.6407368070769057
161346,2w,0.3553857323461846
233590,1w,0.5330655393447881
233200,1w,0.6813483370908154
177787,1w,0.47850792521615365
217881,1w,0.5139886573491249
240216,1w,0.5923621919720354
223835,1w,0.6627870541773073
234022,1w,0.4653421773404997
233191,1w,0.6787891620260053
175323,1w,0.5809609709960076
145971,1m,0.43104366019271567
34095,2w,0.379912545190605
28909,2w,0.3658948061014792
157829,1m,0.44658140155298237
229137,1w,0.5392785839476264
232447,1w,0.5220831993418796
235836,1w,0.6612204928879328
233589,1w,0.5337535579835713
218933,1w,0.5234549553705833
220770,1w,0.510667578795772
236070,1w,0.5720932236713109
210839,1w,0.6191674143175847
235048,1w,0.5284953532961646
187234,1w,0.5439461012076903
32745,2w,0.3846734138941679
233756,1w,0.5844439949561548
54620,2w,0.3803502491922952
229100,1w,0.5752935023089971
236696,1w,0.6106724177961108
146592,2w,0.38327161316875125
237087,1w,0.606572281731562
169684,1w,0.4278769183382297
182534,1w,0.5215412613843916
225961,1w,0.528383139661352
240788,1w,0.6002957418162547
208443,1w,0.5149960090898695
236846,1w,0.5203971084271618
209231,1w,0.6102183738287774
213249,1w,0.5259701646533412
197168,1w,0.48690673359742
150112,2w,0.3620000015538047
111387,2w,0.3806245197791672
233217,1w,0.6769367007278151
202191,1w,0.5609974419010785
228607,1w,0.5525177558911387
198793,1w,0.6965681384904167
224398,1w,0.5547338085061176
62763,2w,0.37511859670804765
243149,1w,0.5411021524438457
221979,1w,0.6795318680787912
217025,1w,0.5475389300343871
243948,1w,0.6710368901030165
192836,1w,0.6879134333718138
230954,1w,0.521214617575472
193893,1w,0.6221718950795446
203289,1w,0.5345188477544855
240773,1w,0.6209748537595711
175477,1w,0.5112676079397337
175632,1w,0.44761771294548913
160880,1w,0.3473971631633827
196477,1w,0.5346821299661909
237463,1w,0.6795108113712675
77117,2w,0.37975771926216195
233599,1w,0.6747766002206104
216399,1w,0.5249288570215397
219048,1w,0.4884472374483453
85635,2w,0.3908330754329177
222332,1w,0.532172246034135
225457,1w,0.544236079330379
219032,1w,0.46895707339125386
232606,1w,0.5700108186325052
230522,1w,0.5248746984536943
232023,1w,0.5659313342797101
242916,1w,0.6747435723699541
241482,1w,0.5320497812838307
244377,1w,0.5181965036265543
236874,1w,0.6085495185102734
225176,1w,0.5655018365077543
64095,2w,0.38699173406743137
225165,1w,0.5763428485496356
63250,2w,0.3850975217337183
77473,2w,0.37793336346453554
237895,1w,0.5386821887809377
235787,1w,0.5715844359142078
242898,1w,0.5397415088864987
